&PROBIN

  run_prefix = "react_aprox21_"
  
  small_temp = 1d5
  small_dens = 1d5
  
  burner_verbose = .false.

  ! Set which jacobian to use
  ! 1 = analytic jacobian
  ! 2 = numerical jacobian
  jacobian   = 1

  call_eos_in_rhs = T
  renormalize_abundances = T

  rtol_spec = 1.0d-5
  rtol_enuc = 1.0d-5
  rtol_temp = 1.0d-5
  atol_spec = 1.0d-5
  atol_enuc = 1.0d-5
  atol_temp = 1.0d-5

/

&cellparams

  tmax     = 5.e-5
  numsteps = 1

  density       = 19621005.750186652
  temperature   = 3660838757.1504521

  massfractions(1)  = 9.9964675410639469E-011
  massfractions(2)  = 9.9964675410639469E-011
  massfractions(3)  = 9.3297311850193392E-006
  massfractions(4)  = 1.7366528659922154E-007
  massfractions(5)  = 9.9964675410639469E-011
  massfractions(6)  = 1.0667361196321707E-006
  massfractions(7)  = 7.0414708155066122E-010
  massfractions(8)  = 2.6039860985408756E-006
  massfractions(9)  = 2.4058464980684306E-002
  massfractions(10) = 1.5001010844905960E-002
  massfractions(11) = 3.6387903261187954E-003
  massfractions(12) = 3.0997665743084961E-003
  massfractions(13) = 6.4425873372041901E-006
  massfractions(14) = 5.8452824607639952E-005
  massfractions(15) = 1.2057606838552132E-007
  massfractions(16) = 8.4739860275618803E-004
  massfractions(17) = 0.92068527694642854
  massfractions(18) = 1.9734392863021467E-002
  massfractions(19) = 1.2854481304611568E-002
  massfractions(20) = 9.9964675410639469E-011
  massfractions(21) = 2.2263464559247921E-006

/
