&PROBIN

  run_prefix = "react_ECSN_"
  
  small_temp = 1d5
  small_dens = 1d5
  
  burner_verbose = .false.

  ! Set which jacobian to use
  ! 1 = analytic jacobian
  ! 2 = numerical jacobian
  jacobian   = 1

  renormalize_abundances = T

  rtol_spec = 1.0d-12
  rtol_enuc = 1.0d-12
  rtol_temp = 1.0d-12
  atol_spec = 1.0d-12
  atol_enuc = 1.0d-12
  atol_temp = 1.0d0

/

&cellparams

  tmax     = 1.0d-3
  numsteps = 1000

  density       = 7607783959.50421d0
  temperature   = 983559309.749412d0

  massfractions(1)  = 0.0d0
  massfractions(2)  = 1.14998095787427d-18
  massfractions(3)  = 0.5955320774d0
  massfractions(4)  = 0.203902681d0
  massfractions(5)  = 1.17278643621995d-07
  massfractions(6)  = 0.19753136d0
  massfractions(7)  = 0.0d0
  massfractions(8)  = 0.0d0
  massfractions(9)  = 0.0027259815d0
  massfractions(10) = 0.0d0
  massfractions(11) = 0.0d0
/
