&extern

  run_prefix = "react_aprox13_"

  small_temp = 1d5
  small_dens = 1d5

  burner_verbose = .false.

  ! Set which jacobian to use
  ! 1 = analytic jacobian
  ! 2 = numerical jacobian
  jacobian   = 2

  renormalize_abundances = F

  rtol_spec = 1.0d-6
  rtol_enuc = 1.0d-6
  rtol_temp = 1.0d-6
  atol_spec = 1.0d-6
  atol_enuc = 1.0d-6
  atol_temp = 1.0d-6

  tmax     = 1.0d-8

  density       = 277355338.38976681
  temperature   = 5197769252.1761198

  X1  = 0.4
  X2  = 0.2
  X3  = 0.2
  X4  = 0.01111111111
  X5  = 0.01111111111
  X6  = 0.01111111111
  X7  = 0.01111111111
  X8  = 0.01111111111
  X9  = 0.01111111111
  X10 = 0.01111111111
  X11 = 0.01111111111
  X12 = 0.01111111111
  X13 = 0.01111111111
  X14 = 0.01111111111
  X15 = 0.01111111111
  X16 = 0.01111111111
  X17 = 0.01111111111
  X18 = 0.01111111111
  X19 = 0.01111111111
  X20 = 0.01111111111
  X21 = 0.01111111111
/
