Initializing AMReX (23.05-831-gdf1e7d01d26d)...
AMReX (23.05-831-gdf1e7d01d26d) initialized
starting the single zone burn...
reading in network electron-capture / beta-decay tables...
chemical potential of proton is -3
chemical potential of neutron is -12
State Density (g/cm^3): 10000000
State Temperature (K): 6000000000
electron fraction is 0.5
NSE state: 
n : 0.0006075785984
H1 : 0.001992191402
He4 : 0.5191539001
C12 : 1.326243339e-05
N13 : 9.476390846e-11
N14 : 2.565256362e-09
O16 : 3.225121417e-05
F18 : 5.421436358e-11
Ne20 : 7.426547738e-07
Ne21 : 4.998338191e-08
Na22 : 2.607637442e-09
Na23 : 1.008713644e-06
Mg24 : 0.0001022063114
Al27 : 0.0005547968181
Si28 : 0.0368029525
P31 : 0.04228457483
S32 : 0.03864965357
Ar36 : 0.02464163634
Ca40 : 0.02884399444
Ti44 : 0.001660754155
Cr48 : 0.009963894349
Fe52 : 0.05965978097
Ni56 : 0.2350347653
We're in NSE. 
change in T: 6000000000 6069004550
change in abar: 6.978477326 6.209857798
recovered energy: 2.785016852e+18 2.785016852e+18
AMReX (23.05-831-gdf1e7d01d26d) finalized
