&extern

  run_prefix = "react_aprox13_"

  small_temp = 1d5
  small_dens = 1d5

  burner_verbose = .false.

  ! Set which jacobian to use
  ! 1 = analytic jacobian
  ! 2 = numerical jacobian
  jacobian   = 2

  renormalize_abundances = F

  rtol_spec = 1.0d-6
  rtol_enuc = 1.0d-6
  rtol_temp = 1.0d-6
  atol_spec = 1.0d-6
  atol_enuc = 1.0d-6
  atol_temp = 1.0d-6

  tmax     = 1.0d-8

  density       = 277355338.38976681
  temperature   = 5197769252.1761198

  X1  = 4.6631273817924314e-16
  X2  = 6.1328309469218566e-15
  X3  = 1.2676528087119650e-3
  X4  = 7.5690193659554209e-9
  X5  = 1.1025978700586186e-19
  X6  = 1.8128234435972987e-8
  X7  = 1.2756560581190488e-10
  X8  = 2.7722191265021111e-8
  X9  = 2.0843395726951923e-5
  X10 = 1.6172416702720175e-5
  X11 = 6.0672368377451067e-6
  X12 = 5.4292085931946827e-6
  X13 = 6.3782268825441906e-8
  X14 = 2.3890333222796750e-7
  X15 = 8.0903436202065036e-5
  X16 = 1.5469566013652323e-6
  X17 = 5.7060359176835232e-2
  X18 = 0.94151885435151395
  X19 = 1.1010655846340592e-5
  X20 = 5.6061758774692597e-7
  X21 = 1.0243506222345638e-5
/
