AMReX (23.06-31-g9c256b12b89f) initialized
calling the EOS on a single zone state...
rho = 1000000
T =   1000000000
xn = 1 0 0 0 0 0 0 0 0 0 0 0 0 
p = 2.078615354e+22
e = 3.117923031e+16
h = 5.196538385e+16
s = 315177017.1
dpdT = 2.078615354e+13
dpdr = 2.078615354e+16
dedT = 31179230.31
dedr = 0
dhdT = 51965383.85
dhdr = 0
dsdT = 0.03117923031
dsdr = -20.78615354
dpde = 666666.6667
dpdr_e = 2.078615354e+16
cv = 31179230.31
cp = 51965383.85
xne = 0
xnp = 0
eta = 0
pele = 0
ppos = 0
mu = 4
mu_e = 2
y_e = 0.5
gam1 = 1.666666667
cs = 186127884.1
abar = 4
zbar = 2
AMReX (23.06-31-g9c256b12b89f) finalized
